wavelength photoabsorption photodissociation photoionisation
1.179000e+02 0.000000e+00 0.000000e+00 0.000000e+00
1.180000e+02 8.885898e-29 8.885898e-29 0.000000e+00
1.181000e+02 4.561756e-28 4.561756e-28 0.000000e+00
1.182000e+02 2.215545e-27 2.215545e-27 0.000000e+00
1.183000e+02 1.017997e-26 1.017997e-26 0.000000e+00
1.184000e+02 4.425171e-26 4.425171e-26 0.000000e+00
1.185000e+02 1.819832e-25 1.819832e-25 0.000000e+00
1.186000e+02 7.080274e-25 7.080274e-25 0.000000e+00
1.187000e+02 2.606072e-24 2.606072e-24 0.000000e+00
1.188000e+02 9.074870e-24 9.074870e-24 0.000000e+00
1.189000e+02 2.989593e-23 2.989593e-23 0.000000e+00
1.190000e+02 9.317539e-23 9.317539e-23 0.000000e+00
1.191000e+02 2.747312e-22 2.747312e-22 0.000000e+00
1.192000e+02 7.663592e-22 7.663592e-22 0.000000e+00
1.193000e+02 2.022434e-21 2.022434e-21 0.000000e+00
1.194000e+02 5.049333e-21 5.049333e-21 0.000000e+00
1.195000e+02 1.192645e-20 1.192645e-20 0.000000e+00
1.196000e+02 2.665054e-20 2.665054e-20 0.000000e+00
1.197000e+02 5.634020e-20 5.634020e-20 0.000000e+00
1.198000e+02 1.126804e-19 1.126804e-19 0.000000e+00
1.199000e+02 2.132043e-19 2.132043e-19 0.000000e+00
1.200000e+02 3.816464e-19 3.816464e-19 0.000000e+00
1.201000e+02 6.463146e-19 6.463146e-19 0.000000e+00
1.202000e+02 1.035486e-18 1.035486e-18 0.000000e+00
1.203000e+02 1.569504e-18 1.569504e-18 0.000000e+00
1.204000e+02 2.250598e-18 2.250598e-18 0.000000e+00
1.205000e+02 3.053171e-18 3.053171e-18 0.000000e+00
1.206000e+02 3.918519e-18 3.918519e-18 0.000000e+00
1.207000e+02 4.757846e-18 4.757846e-18 0.000000e+00
1.208000e+02 5.465329e-18 5.465329e-18 0.000000e+00
1.209000e+02 5.939364e-18 5.939364e-18 0.000000e+00
1.210000e+02 6.106342e-18 6.106342e-18 0.000000e+00
1.211000e+02 5.939364e-18 5.939364e-18 0.000000e+00
1.212000e+02 5.465329e-18 5.465329e-18 0.000000e+00
1.213000e+02 4.757846e-18 4.757846e-18 0.000000e+00
1.214000e+02 3.918519e-18 3.918519e-18 0.000000e+00
1.215000e+02 3.053171e-18 3.053171e-18 0.000000e+00
1.216000e+02 2.250598e-18 2.250598e-18 0.000000e+00
1.217000e+02 1.569504e-18 1.569504e-18 0.000000e+00
1.218000e+02 1.035486e-18 1.035486e-18 0.000000e+00
1.219000e+02 6.463146e-19 6.463146e-19 0.000000e+00
1.220000e+02 3.816464e-19 3.816464e-19 0.000000e+00
1.221000e+02 2.132043e-19 2.132043e-19 0.000000e+00
1.222000e+02 1.126804e-19 1.126804e-19 0.000000e+00
1.223000e+02 5.634020e-20 5.634020e-20 0.000000e+00
1.224000e+02 2.665054e-20 2.665054e-20 0.000000e+00
1.225000e+02 1.192645e-20 1.192645e-20 0.000000e+00
1.226000e+02 5.049333e-21 5.049333e-21 0.000000e+00
1.227000e+02 2.022434e-21 2.022434e-21 0.000000e+00
1.228000e+02 7.663592e-22 7.663592e-22 0.000000e+00
1.229000e+02 2.747312e-22 2.747312e-22 0.000000e+00
1.230000e+02 9.317539e-23 9.317539e-23 0.000000e+00
1.231000e+02 2.989593e-23 2.989593e-23 0.000000e+00
1.232000e+02 9.074870e-24 9.074870e-24 0.000000e+00
1.233000e+02 2.606072e-24 2.606072e-24 0.000000e+00
1.234000e+02 7.080274e-25 7.080274e-25 0.000000e+00
1.235000e+02 1.819832e-25 1.819832e-25 0.000000e+00
1.236000e+02 4.425171e-26 4.425171e-26 0.000000e+00
1.237000e+02 1.017997e-26 1.017997e-26 0.000000e+00
1.238000e+02 2.215545e-27 2.215545e-27 0.000000e+00
1.239000e+02 4.561756e-28 4.561756e-28 0.000000e+00
1.240000e+02 2.280878e-28 2.280878e-28 0.000000e+00
1.241000e+02 7.779112e-40 7.779112e-40 0.000000e+00
1.242000e+02 0.000000e+00 0.000000e+00 0.000000e+00
1.243000e+02 0.000000e+00 0.000000e+00 0.000000e+00
1.244000e+02 0.000000e+00 0.000000e+00 0.000000e+00
1.245000e+02 0.000000e+00 0.000000e+00 0.000000e+00
1.246000e+02 0.000000e+00 0.000000e+00 0.000000e+00
1.247000e+02 0.000000e+00 0.000000e+00 0.000000e+00
1.248000e+02 0.000000e+00 0.000000e+00 0.000000e+00
1.249000e+02 0.000000e+00 0.000000e+00 0.000000e+00
1.250000e+02 0.000000e+00 0.000000e+00 0.000000e+00
1.251000e+02 0.000000e+00 0.000000e+00 0.000000e+00
1.252000e+02 0.000000e+00 0.000000e+00 0.000000e+00
1.253000e+02 0.000000e+00 0.000000e+00 0.000000e+00
1.254000e+02 0.000000e+00 0.000000e+00 0.000000e+00
1.255000e+02 0.000000e+00 0.000000e+00 0.000000e+00
1.256000e+02 0.000000e+00 0.000000e+00 0.000000e+00
1.257000e+02 0.000000e+00 0.000000e+00 0.000000e+00
1.258000e+02 0.000000e+00 0.000000e+00 0.000000e+00
1.259000e+02 0.000000e+00 0.000000e+00 0.000000e+00
1.260000e+02 0.000000e+00 0.000000e+00 0.000000e+00
1.261000e+02 0.000000e+00 0.000000e+00 0.000000e+00
1.262000e+02 0.000000e+00 0.000000e+00 0.000000e+00
1.263000e+02 0.000000e+00 0.000000e+00 0.000000e+00
1.264000e+02 0.000000e+00 0.000000e+00 0.000000e+00
1.265000e+02 0.000000e+00 0.000000e+00 0.000000e+00
1.266000e+02 0.000000e+00 0.000000e+00 0.000000e+00
1.267000e+02 0.000000e+00 0.000000e+00 0.000000e+00
1.268000e+02 0.000000e+00 0.000000e+00 0.000000e+00
1.269000e+02 0.000000e+00 0.000000e+00 0.000000e+00
1.270000e+02 0.000000e+00 0.000000e+00 0.000000e+00
1.271000e+02 0.000000e+00 0.000000e+00 0.000000e+00
1.272000e+02 0.000000e+00 0.000000e+00 0.000000e+00
1.273000e+02 0.000000e+00 0.000000e+00 0.000000e+00
1.274000e+02 0.000000e+00 0.000000e+00 0.000000e+00
1.275000e+02 0.000000e+00 0.000000e+00 0.000000e+00
1.276000e+02 0.000000e+00 0.000000e+00 0.000000e+00
1.277000e+02 0.000000e+00 0.000000e+00 0.000000e+00
1.278000e+02 0.000000e+00 0.000000e+00 0.000000e+00
1.279000e+02 0.000000e+00 0.000000e+00 0.000000e+00
1.280000e+02 0.000000e+00 0.000000e+00 0.000000e+00
1.281000e+02 0.000000e+00 0.000000e+00 0.000000e+00
1.282000e+02 0.000000e+00 0.000000e+00 0.000000e+00
1.283000e+02 0.000000e+00 0.000000e+00 0.000000e+00
1.284000e+02 0.000000e+00 0.000000e+00 0.000000e+00
1.285000e+02 0.000000e+00 0.000000e+00 0.000000e+00
1.286000e+02 0.000000e+00 0.000000e+00 0.000000e+00
1.287000e+02 0.000000e+00 0.000000e+00 0.000000e+00
1.288000e+02 0.000000e+00 0.000000e+00 0.000000e+00
1.289000e+02 0.000000e+00 0.000000e+00 0.000000e+00
1.290000e+02 0.000000e+00 0.000000e+00 0.000000e+00
1.291000e+02 0.000000e+00 0.000000e+00 0.000000e+00
1.292000e+02 0.000000e+00 0.000000e+00 0.000000e+00
1.293000e+02 0.000000e+00 0.000000e+00 0.000000e+00
1.294000e+02 0.000000e+00 0.000000e+00 0.000000e+00
1.295000e+02 0.000000e+00 0.000000e+00 0.000000e+00
1.296000e+02 0.000000e+00 0.000000e+00 0.000000e+00
1.297000e+02 0.000000e+00 0.000000e+00 0.000000e+00
1.298000e+02 0.000000e+00 0.000000e+00 0.000000e+00
1.299000e+02 0.000000e+00 0.000000e+00 0.000000e+00
1.300000e+02 0.000000e+00 0.000000e+00 0.000000e+00
1.301000e+02 0.000000e+00 0.000000e+00 0.000000e+00
1.302000e+02 0.000000e+00 0.000000e+00 0.000000e+00
1.303000e+02 0.000000e+00 0.000000e+00 0.000000e+00
1.304000e+02 0.000000e+00 0.000000e+00 0.000000e+00
1.305000e+02 0.000000e+00 0.000000e+00 0.000000e+00
1.306000e+02 0.000000e+00 0.000000e+00 0.000000e+00
1.307000e+02 0.000000e+00 0.000000e+00 0.000000e+00
1.308000e+02 0.000000e+00 0.000000e+00 0.000000e+00
1.309000e+02 0.000000e+00 0.000000e+00 0.000000e+00
1.310000e+02 0.000000e+00 0.000000e+00 0.000000e+00
1.311000e+02 0.000000e+00 0.000000e+00 0.000000e+00
1.312000e+02 0.000000e+00 0.000000e+00 0.000000e+00
1.313000e+02 0.000000e+00 0.000000e+00 0.000000e+00
1.314000e+02 0.000000e+00 0.000000e+00 0.000000e+00
1.315000e+02 0.000000e+00 0.000000e+00 0.000000e+00
1.316000e+02 0.000000e+00 0.000000e+00 0.000000e+00
1.317000e+02 0.000000e+00 0.000000e+00 0.000000e+00
1.318000e+02 0.000000e+00 0.000000e+00 0.000000e+00
1.319000e+02 0.000000e+00 0.000000e+00 0.000000e+00
1.320000e+02 0.000000e+00 0.000000e+00 0.000000e+00
1.321000e+02 0.000000e+00 0.000000e+00 0.000000e+00
1.322000e+02 0.000000e+00 0.000000e+00 0.000000e+00
1.323000e+02 0.000000e+00 0.000000e+00 0.000000e+00
1.324000e+02 0.000000e+00 0.000000e+00 0.000000e+00
1.325000e+02 0.000000e+00 0.000000e+00 0.000000e+00
1.326000e+02 0.000000e+00 0.000000e+00 0.000000e+00
1.327000e+02 0.000000e+00 0.000000e+00 0.000000e+00
1.328000e+02 0.000000e+00 0.000000e+00 0.000000e+00
1.329000e+02 0.000000e+00 0.000000e+00 0.000000e+00
1.330000e+02 0.000000e+00 0.000000e+00 0.000000e+00
1.331000e+02 0.000000e+00 0.000000e+00 0.000000e+00
1.332000e+02 0.000000e+00 0.000000e+00 0.000000e+00
1.333000e+02 0.000000e+00 0.000000e+00 0.000000e+00
1.334000e+02 0.000000e+00 0.000000e+00 0.000000e+00
1.335000e+02 0.000000e+00 0.000000e+00 0.000000e+00
1.336000e+02 0.000000e+00 0.000000e+00 0.000000e+00
1.337000e+02 0.000000e+00 0.000000e+00 0.000000e+00
1.338000e+02 0.000000e+00 0.000000e+00 0.000000e+00
1.339000e+02 0.000000e+00 0.000000e+00 0.000000e+00
1.340000e+02 0.000000e+00 0.000000e+00 0.000000e+00
1.341000e+02 0.000000e+00 0.000000e+00 0.000000e+00
1.342000e+02 0.000000e+00 0.000000e+00 0.000000e+00
1.343000e+02 0.000000e+00 0.000000e+00 0.000000e+00
1.344000e+02 0.000000e+00 0.000000e+00 0.000000e+00
1.345000e+02 0.000000e+00 0.000000e+00 0.000000e+00
1.346000e+02 0.000000e+00 0.000000e+00 0.000000e+00
1.347000e+02 0.000000e+00 0.000000e+00 0.000000e+00
1.348000e+02 0.000000e+00 0.000000e+00 0.000000e+00
1.349000e+02 0.000000e+00 0.000000e+00 0.000000e+00
1.350000e+02 0.000000e+00 0.000000e+00 0.000000e+00
1.351000e+02 0.000000e+00 0.000000e+00 0.000000e+00
1.352000e+02 0.000000e+00 0.000000e+00 0.000000e+00
1.353000e+02 0.000000e+00 0.000000e+00 0.000000e+00
1.354000e+02 0.000000e+00 0.000000e+00 0.000000e+00
1.355000e+02 0.000000e+00 0.000000e+00 0.000000e+00
1.356000e+02 0.000000e+00 0.000000e+00 0.000000e+00
1.357000e+02 0.000000e+00 0.000000e+00 0.000000e+00
1.358000e+02 0.000000e+00 0.000000e+00 0.000000e+00
1.359000e+02 0.000000e+00 0.000000e+00 0.000000e+00
1.360000e+02 0.000000e+00 0.000000e+00 0.000000e+00
1.361000e+02 0.000000e+00 0.000000e+00 0.000000e+00
1.362000e+02 0.000000e+00 0.000000e+00 0.000000e+00
1.363000e+02 0.000000e+00 0.000000e+00 0.000000e+00
1.364000e+02 0.000000e+00 0.000000e+00 0.000000e+00
1.365000e+02 0.000000e+00 0.000000e+00 0.000000e+00
1.366000e+02 0.000000e+00 0.000000e+00 0.000000e+00
1.367000e+02 0.000000e+00 0.000000e+00 0.000000e+00
1.368000e+02 0.000000e+00 0.000000e+00 0.000000e+00
1.369000e+02 0.000000e+00 0.000000e+00 0.000000e+00
1.370000e+02 0.000000e+00 0.000000e+00 0.000000e+00
1.371000e+02 0.000000e+00 0.000000e+00 0.000000e+00
1.372000e+02 0.000000e+00 0.000000e+00 0.000000e+00
1.373000e+02 0.000000e+00 0.000000e+00 0.000000e+00
1.374000e+02 0.000000e+00 0.000000e+00 0.000000e+00
1.375000e+02 0.000000e+00 0.000000e+00 0.000000e+00
1.376000e+02 0.000000e+00 0.000000e+00 0.000000e+00
1.377000e+02 0.000000e+00 0.000000e+00 0.000000e+00
1.378000e+02 0.000000e+00 0.000000e+00 0.000000e+00
1.379000e+02 0.000000e+00 0.000000e+00 0.000000e+00
1.380000e+02 0.000000e+00 0.000000e+00 0.000000e+00
1.381000e+02 0.000000e+00 0.000000e+00 0.000000e+00
1.382000e+02 0.000000e+00 0.000000e+00 0.000000e+00
1.383000e+02 0.000000e+00 0.000000e+00 0.000000e+00
1.384000e+02 0.000000e+00 0.000000e+00 0.000000e+00
1.385000e+02 0.000000e+00 0.000000e+00 0.000000e+00
1.386000e+02 0.000000e+00 0.000000e+00 0.000000e+00
1.387000e+02 0.000000e+00 0.000000e+00 0.000000e+00
1.388000e+02 0.000000e+00 0.000000e+00 0.000000e+00
1.389000e+02 0.000000e+00 0.000000e+00 0.000000e+00
1.390000e+02 0.000000e+00 0.000000e+00 0.000000e+00
1.391000e+02 0.000000e+00 0.000000e+00 0.000000e+00
1.392000e+02 0.000000e+00 0.000000e+00 0.000000e+00
1.393000e+02 0.000000e+00 0.000000e+00 0.000000e+00
1.394000e+02 0.000000e+00 0.000000e+00 0.000000e+00
1.395000e+02 0.000000e+00 0.000000e+00 0.000000e+00
1.396000e+02 0.000000e+00 0.000000e+00 0.000000e+00
1.397000e+02 0.000000e+00 0.000000e+00 0.000000e+00
1.398000e+02 0.000000e+00 0.000000e+00 0.000000e+00
1.399000e+02 0.000000e+00 0.000000e+00 0.000000e+00
1.400000e+02 0.000000e+00 0.000000e+00 0.000000e+00
1.401000e+02 0.000000e+00 0.000000e+00 0.000000e+00
1.402000e+02 0.000000e+00 0.000000e+00 0.000000e+00
1.403000e+02 0.000000e+00 0.000000e+00 0.000000e+00
1.404000e+02 0.000000e+00 0.000000e+00 0.000000e+00
1.405000e+02 0.000000e+00 0.000000e+00 0.000000e+00
1.406000e+02 0.000000e+00 0.000000e+00 0.000000e+00
1.407000e+02 0.000000e+00 0.000000e+00 0.000000e+00
1.408000e+02 0.000000e+00 0.000000e+00 0.000000e+00
1.409000e+02 0.000000e+00 0.000000e+00 0.000000e+00
1.410000e+02 0.000000e+00 0.000000e+00 0.000000e+00
1.411000e+02 0.000000e+00 0.000000e+00 0.000000e+00
1.412000e+02 0.000000e+00 0.000000e+00 0.000000e+00
1.413000e+02 0.000000e+00 0.000000e+00 0.000000e+00
1.414000e+02 0.000000e+00 0.000000e+00 0.000000e+00
1.415000e+02 0.000000e+00 0.000000e+00 0.000000e+00
1.416000e+02 0.000000e+00 0.000000e+00 0.000000e+00
1.417000e+02 0.000000e+00 0.000000e+00 0.000000e+00
1.418000e+02 0.000000e+00 0.000000e+00 0.000000e+00
1.419000e+02 0.000000e+00 0.000000e+00 0.000000e+00
1.420000e+02 0.000000e+00 0.000000e+00 0.000000e+00
1.421000e+02 0.000000e+00 0.000000e+00 0.000000e+00
1.422000e+02 0.000000e+00 0.000000e+00 0.000000e+00
1.423000e+02 0.000000e+00 0.000000e+00 0.000000e+00
1.424000e+02 0.000000e+00 0.000000e+00 0.000000e+00
1.425000e+02 0.000000e+00 0.000000e+00 0.000000e+00
1.426000e+02 0.000000e+00 0.000000e+00 0.000000e+00
1.427000e+02 0.000000e+00 0.000000e+00 0.000000e+00
1.428000e+02 0.000000e+00 0.000000e+00 0.000000e+00
1.429000e+02 0.000000e+00 0.000000e+00 0.000000e+00
1.430000e+02 0.000000e+00 0.000000e+00 0.000000e+00
1.431000e+02 0.000000e+00 0.000000e+00 0.000000e+00
1.432000e+02 0.000000e+00 0.000000e+00 0.000000e+00
1.433000e+02 0.000000e+00 0.000000e+00 0.000000e+00
1.434000e+02 0.000000e+00 0.000000e+00 0.000000e+00
1.435000e+02 0.000000e+00 0.000000e+00 0.000000e+00
1.436000e+02 0.000000e+00 0.000000e+00 0.000000e+00
1.437000e+02 0.000000e+00 0.000000e+00 0.000000e+00
1.438000e+02 0.000000e+00 0.000000e+00 0.000000e+00
1.439000e+02 0.000000e+00 0.000000e+00 0.000000e+00
1.440000e+02 0.000000e+00 0.000000e+00 0.000000e+00
1.441000e+02 0.000000e+00 0.000000e+00 0.000000e+00
1.442000e+02 0.000000e+00 0.000000e+00 0.000000e+00
1.443000e+02 0.000000e+00 0.000000e+00 0.000000e+00
1.444000e+02 0.000000e+00 0.000000e+00 0.000000e+00
1.445000e+02 0.000000e+00 0.000000e+00 0.000000e+00
1.446000e+02 0.000000e+00 0.000000e+00 0.000000e+00
1.447000e+02 0.000000e+00 0.000000e+00 0.000000e+00
1.448000e+02 0.000000e+00 0.000000e+00 0.000000e+00
1.449000e+02 0.000000e+00 0.000000e+00 0.000000e+00
1.450000e+02 0.000000e+00 0.000000e+00 0.000000e+00
1.451000e+02 0.000000e+00 0.000000e+00 0.000000e+00
1.452000e+02 0.000000e+00 0.000000e+00 0.000000e+00
1.453000e+02 0.000000e+00 0.000000e+00 0.000000e+00
1.454000e+02 0.000000e+00 0.000000e+00 0.000000e+00
1.455000e+02 0.000000e+00 0.000000e+00 0.000000e+00
1.456000e+02 0.000000e+00 0.000000e+00 0.000000e+00
1.457000e+02 0.000000e+00 0.000000e+00 0.000000e+00
1.458000e+02 0.000000e+00 0.000000e+00 0.000000e+00
1.459000e+02 0.000000e+00 0.000000e+00 0.000000e+00
1.460000e+02 0.000000e+00 0.000000e+00 0.000000e+00
1.461000e+02 0.000000e+00 0.000000e+00 0.000000e+00
1.462000e+02 0.000000e+00 0.000000e+00 0.000000e+00
1.463000e+02 0.000000e+00 0.000000e+00 0.000000e+00
1.464000e+02 0.000000e+00 0.000000e+00 0.000000e+00
1.465000e+02 0.000000e+00 0.000000e+00 0.000000e+00
1.466000e+02 0.000000e+00 0.000000e+00 0.000000e+00
1.467000e+02 0.000000e+00 0.000000e+00 0.000000e+00
1.468000e+02 0.000000e+00 0.000000e+00 0.000000e+00
1.469000e+02 0.000000e+00 0.000000e+00 0.000000e+00
1.470000e+02 0.000000e+00 0.000000e+00 0.000000e+00
1.471000e+02 0.000000e+00 0.000000e+00 0.000000e+00
1.472000e+02 0.000000e+00 0.000000e+00 0.000000e+00
1.473000e+02 0.000000e+00 0.000000e+00 0.000000e+00
1.474000e+02 0.000000e+00 0.000000e+00 0.000000e+00
1.475000e+02 0.000000e+00 0.000000e+00 0.000000e+00
1.476000e+02 0.000000e+00 0.000000e+00 0.000000e+00
1.477000e+02 0.000000e+00 0.000000e+00 0.000000e+00
1.478000e+02 0.000000e+00 0.000000e+00 0.000000e+00
1.479000e+02 0.000000e+00 0.000000e+00 0.000000e+00
1.480000e+02 0.000000e+00 0.000000e+00 0.000000e+00
1.481000e+02 0.000000e+00 0.000000e+00 0.000000e+00
1.482000e+02 0.000000e+00 0.000000e+00 0.000000e+00
1.483000e+02 0.000000e+00 0.000000e+00 0.000000e+00
1.484000e+02 0.000000e+00 0.000000e+00 0.000000e+00
1.485000e+02 0.000000e+00 0.000000e+00 0.000000e+00
1.486000e+02 0.000000e+00 0.000000e+00 0.000000e+00
1.487000e+02 0.000000e+00 0.000000e+00 0.000000e+00
1.488000e+02 0.000000e+00 0.000000e+00 0.000000e+00
1.489000e+02 0.000000e+00 0.000000e+00 0.000000e+00
1.490000e+02 0.000000e+00 0.000000e+00 0.000000e+00
1.491000e+02 0.000000e+00 0.000000e+00 0.000000e+00
1.492000e+02 0.000000e+00 0.000000e+00 0.000000e+00
1.493000e+02 0.000000e+00 0.000000e+00 0.000000e+00
1.494000e+02 0.000000e+00 0.000000e+00 0.000000e+00
1.495000e+02 0.000000e+00 0.000000e+00 0.000000e+00
1.496000e+02 0.000000e+00 0.000000e+00 0.000000e+00
1.497000e+02 0.000000e+00 0.000000e+00 0.000000e+00
1.498000e+02 0.000000e+00 0.000000e+00 0.000000e+00
1.499000e+02 0.000000e+00 0.000000e+00 0.000000e+00
1.500000e+02 0.000000e+00 0.000000e+00 0.000000e+00
1.501000e+02 0.000000e+00 0.000000e+00 0.000000e+00
1.502000e+02 0.000000e+00 0.000000e+00 0.000000e+00
1.503000e+02 0.000000e+00 0.000000e+00 0.000000e+00
1.504000e+02 0.000000e+00 0.000000e+00 0.000000e+00
1.505000e+02 0.000000e+00 0.000000e+00 0.000000e+00
1.506000e+02 0.000000e+00 0.000000e+00 0.000000e+00
1.507000e+02 0.000000e+00 0.000000e+00 0.000000e+00
1.508000e+02 0.000000e+00 0.000000e+00 0.000000e+00
1.509000e+02 0.000000e+00 0.000000e+00 0.000000e+00
1.510000e+02 0.000000e+00 0.000000e+00 0.000000e+00
1.511000e+02 0.000000e+00 0.000000e+00 0.000000e+00
1.512000e+02 0.000000e+00 0.000000e+00 0.000000e+00
1.513000e+02 0.000000e+00 0.000000e+00 0.000000e+00
1.514000e+02 0.000000e+00 0.000000e+00 0.000000e+00
1.515000e+02 0.000000e+00 0.000000e+00 0.000000e+00
1.516000e+02 0.000000e+00 0.000000e+00 0.000000e+00
1.517000e+02 0.000000e+00 0.000000e+00 0.000000e+00
1.518000e+02 0.000000e+00 0.000000e+00 0.000000e+00
1.519000e+02 0.000000e+00 0.000000e+00 0.000000e+00
1.520000e+02 0.000000e+00 0.000000e+00 0.000000e+00
1.521000e+02 0.000000e+00 0.000000e+00 0.000000e+00
1.522000e+02 0.000000e+00 0.000000e+00 0.000000e+00
1.523000e+02 0.000000e+00 0.000000e+00 0.000000e+00
1.524000e+02 0.000000e+00 0.000000e+00 0.000000e+00
1.525000e+02 0.000000e+00 0.000000e+00 0.000000e+00
1.526000e+02 0.000000e+00 0.000000e+00 0.000000e+00
1.527000e+02 0.000000e+00 0.000000e+00 0.000000e+00
1.528000e+02 0.000000e+00 0.000000e+00 0.000000e+00
1.529000e+02 0.000000e+00 0.000000e+00 0.000000e+00
1.530000e+02 0.000000e+00 0.000000e+00 0.000000e+00
1.531000e+02 0.000000e+00 0.000000e+00 0.000000e+00
1.532000e+02 0.000000e+00 0.000000e+00 0.000000e+00
1.533000e+02 0.000000e+00 0.000000e+00 0.000000e+00
1.534000e+02 0.000000e+00 0.000000e+00 0.000000e+00
1.535000e+02 0.000000e+00 0.000000e+00 0.000000e+00
1.536000e+02 0.000000e+00 0.000000e+00 0.000000e+00
1.537000e+02 0.000000e+00 0.000000e+00 0.000000e+00
1.538000e+02 0.000000e+00 0.000000e+00 0.000000e+00
1.539000e+02 0.000000e+00 0.000000e+00 0.000000e+00
1.540000e+02 0.000000e+00 0.000000e+00 0.000000e+00
1.541000e+02 0.000000e+00 0.000000e+00 0.000000e+00
1.542000e+02 0.000000e+00 0.000000e+00 0.000000e+00
1.543000e+02 0.000000e+00 0.000000e+00 0.000000e+00
1.544000e+02 0.000000e+00 0.000000e+00 0.000000e+00
1.545000e+02 0.000000e+00 0.000000e+00 0.000000e+00
1.546000e+02 0.000000e+00 0.000000e+00 0.000000e+00
1.547000e+02 0.000000e+00 0.000000e+00 0.000000e+00
1.548000e+02 0.000000e+00 0.000000e+00 0.000000e+00
1.549000e+02 0.000000e+00 0.000000e+00 0.000000e+00
1.550000e+02 0.000000e+00 0.000000e+00 0.000000e+00
1.551000e+02 0.000000e+00 0.000000e+00 0.000000e+00
1.552000e+02 0.000000e+00 0.000000e+00 0.000000e+00
1.553000e+02 0.000000e+00 0.000000e+00 0.000000e+00
1.554000e+02 0.000000e+00 0.000000e+00 0.000000e+00
1.555000e+02 0.000000e+00 0.000000e+00 0.000000e+00
1.556000e+02 0.000000e+00 0.000000e+00 0.000000e+00
1.557000e+02 0.000000e+00 0.000000e+00 0.000000e+00
1.558000e+02 0.000000e+00 0.000000e+00 0.000000e+00
1.559000e+02 0.000000e+00 0.000000e+00 0.000000e+00
1.560000e+02 0.000000e+00 0.000000e+00 0.000000e+00
1.561000e+02 0.000000e+00 0.000000e+00 0.000000e+00
1.562000e+02 0.000000e+00 0.000000e+00 0.000000e+00
1.563000e+02 0.000000e+00 0.000000e+00 0.000000e+00
1.564000e+02 0.000000e+00 0.000000e+00 0.000000e+00
1.565000e+02 0.000000e+00 0.000000e+00 0.000000e+00
1.566000e+02 0.000000e+00 0.000000e+00 0.000000e+00
1.567000e+02 0.000000e+00 0.000000e+00 0.000000e+00
1.568000e+02 0.000000e+00 0.000000e+00 0.000000e+00
1.569000e+02 0.000000e+00 0.000000e+00 0.000000e+00
1.570000e+02 0.000000e+00 0.000000e+00 0.000000e+00
1.571000e+02 0.000000e+00 0.000000e+00 0.000000e+00
1.572000e+02 0.000000e+00 0.000000e+00 0.000000e+00
1.573000e+02 0.000000e+00 0.000000e+00 0.000000e+00
1.574000e+02 0.000000e+00 0.000000e+00 0.000000e+00
1.575000e+02 0.000000e+00 0.000000e+00 0.000000e+00
1.576000e+02 0.000000e+00 0.000000e+00 0.000000e+00
1.577000e+02 0.000000e+00 0.000000e+00 0.000000e+00
1.578000e+02 0.000000e+00 0.000000e+00 0.000000e+00
1.579000e+02 0.000000e+00 0.000000e+00 0.000000e+00
1.580000e+02 0.000000e+00 0.000000e+00 0.000000e+00
1.581000e+02 0.000000e+00 0.000000e+00 0.000000e+00
1.582000e+02 0.000000e+00 0.000000e+00 0.000000e+00
1.583000e+02 0.000000e+00 0.000000e+00 0.000000e+00
1.584000e+02 0.000000e+00 0.000000e+00 0.000000e+00
1.585000e+02 0.000000e+00 0.000000e+00 0.000000e+00
1.586000e+02 0.000000e+00 0.000000e+00 0.000000e+00
1.587000e+02 0.000000e+00 0.000000e+00 0.000000e+00
1.588000e+02 0.000000e+00 0.000000e+00 0.000000e+00
1.589000e+02 0.000000e+00 0.000000e+00 0.000000e+00
1.590000e+02 0.000000e+00 0.000000e+00 0.000000e+00
1.591000e+02 0.000000e+00 0.000000e+00 0.000000e+00
1.592000e+02 0.000000e+00 0.000000e+00 0.000000e+00
1.593000e+02 0.000000e+00 0.000000e+00 0.000000e+00
1.594000e+02 0.000000e+00 0.000000e+00 0.000000e+00
1.595000e+02 0.000000e+00 0.000000e+00 0.000000e+00
1.596000e+02 0.000000e+00 0.000000e+00 0.000000e+00
1.597000e+02 0.000000e+00 0.000000e+00 0.000000e+00
1.598000e+02 0.000000e+00 0.000000e+00 0.000000e+00
1.599000e+02 0.000000e+00 0.000000e+00 0.000000e+00
1.600000e+02 0.000000e+00 0.000000e+00 0.000000e+00
1.601000e+02 0.000000e+00 0.000000e+00 0.000000e+00
1.602000e+02 0.000000e+00 0.000000e+00 0.000000e+00
1.603000e+02 0.000000e+00 0.000000e+00 0.000000e+00
1.604000e+02 0.000000e+00 0.000000e+00 0.000000e+00
1.605000e+02 0.000000e+00 0.000000e+00 0.000000e+00
1.606000e+02 0.000000e+00 0.000000e+00 0.000000e+00
1.607000e+02 0.000000e+00 0.000000e+00 0.000000e+00
1.608000e+02 0.000000e+00 0.000000e+00 0.000000e+00
1.609000e+02 0.000000e+00 0.000000e+00 0.000000e+00
1.610000e+02 0.000000e+00 0.000000e+00 0.000000e+00
1.611000e+02 0.000000e+00 0.000000e+00 0.000000e+00
1.612000e+02 0.000000e+00 0.000000e+00 0.000000e+00
1.613000e+02 0.000000e+00 0.000000e+00 0.000000e+00
1.614000e+02 0.000000e+00 0.000000e+00 0.000000e+00
1.615000e+02 0.000000e+00 0.000000e+00 0.000000e+00
1.616000e+02 0.000000e+00 0.000000e+00 0.000000e+00
1.617000e+02 0.000000e+00 0.000000e+00 0.000000e+00
1.618000e+02 0.000000e+00 0.000000e+00 0.000000e+00
1.619000e+02 0.000000e+00 0.000000e+00 0.000000e+00
1.620000e+02 0.000000e+00 0.000000e+00 0.000000e+00
1.621000e+02 0.000000e+00 0.000000e+00 0.000000e+00
1.622000e+02 0.000000e+00 0.000000e+00 0.000000e+00
1.623000e+02 0.000000e+00 0.000000e+00 0.000000e+00
1.624000e+02 0.000000e+00 0.000000e+00 0.000000e+00
1.625000e+02 0.000000e+00 0.000000e+00 0.000000e+00
1.626000e+02 0.000000e+00 0.000000e+00 0.000000e+00
1.627000e+02 0.000000e+00 0.000000e+00 0.000000e+00
1.628000e+02 0.000000e+00 0.000000e+00 0.000000e+00
1.629000e+02 0.000000e+00 0.000000e+00 0.000000e+00
1.630000e+02 0.000000e+00 0.000000e+00 0.000000e+00
1.631000e+02 0.000000e+00 0.000000e+00 0.000000e+00
1.632000e+02 0.000000e+00 0.000000e+00 0.000000e+00
1.633000e+02 0.000000e+00 0.000000e+00 0.000000e+00
1.634000e+02 0.000000e+00 0.000000e+00 0.000000e+00
1.635000e+02 0.000000e+00 0.000000e+00 0.000000e+00
1.636000e+02 0.000000e+00 0.000000e+00 0.000000e+00
1.637000e+02 0.000000e+00 0.000000e+00 0.000000e+00
1.638000e+02 0.000000e+00 0.000000e+00 0.000000e+00
1.639000e+02 0.000000e+00 0.000000e+00 0.000000e+00
1.640000e+02 0.000000e+00 0.000000e+00 0.000000e+00
1.641000e+02 0.000000e+00 0.000000e+00 0.000000e+00
1.642000e+02 0.000000e+00 0.000000e+00 0.000000e+00
1.643000e+02 1.640473e-28 1.640473e-28 0.000000e+00
1.644000e+02 8.421704e-28 8.421704e-28 0.000000e+00
1.645000e+02 4.090236e-27 4.090236e-27 0.000000e+00
1.646000e+02 1.879379e-26 1.879379e-26 0.000000e+00
1.647000e+02 8.169547e-26 8.169547e-26 0.000000e+00
1.648000e+02 3.359690e-25 3.359690e-25 0.000000e+00
1.649000e+02 1.307127e-24 1.307127e-24 0.000000e+00
1.650000e+02 4.811210e-24 4.811210e-24 0.000000e+00
1.651000e+02 1.675361e-23 1.675361e-23 0.000000e+00
1.652000e+02 5.519248e-23 5.519248e-23 0.000000e+00
1.653000e+02 1.720161e-22 1.720161e-22 0.000000e+00
1.654000e+02 5.071961e-22 5.071961e-22 0.000000e+00
1.655000e+02 1.414817e-21 1.414817e-21 0.000000e+00
1.656000e+02 3.733725e-21 3.733725e-21 0.000000e+00
1.657000e+02 9.321845e-21 9.321845e-21 0.000000e+00
1.658000e+02 2.201806e-20 2.201806e-20 0.000000e+00
1.659000e+02 4.920099e-20 4.920099e-20 0.000000e+00
1.660000e+02 1.040127e-19 1.040127e-19 0.000000e+00
1.661000e+02 2.080253e-19 2.080253e-19 0.000000e+00
1.662000e+02 3.936079e-19 3.936079e-19 0.000000e+00
1.663000e+02 7.045780e-19 7.045780e-19 0.000000e+00
1.664000e+02 1.193196e-18 1.193196e-18 0.000000e+00
1.665000e+02 1.911667e-18 1.911667e-18 0.000000e+00
1.666000e+02 2.897545e-18 2.897545e-18 0.000000e+00
1.667000e+02 4.154950e-18 4.154950e-18 0.000000e+00
1.668000e+02 5.636624e-18 5.636624e-18 0.000000e+00
1.669000e+02 7.234189e-18 7.234189e-18 0.000000e+00
1.670000e+02 8.783715e-18 8.783715e-18 0.000000e+00
1.671000e+02 1.008984e-17 1.008984e-17 0.000000e+00
1.672000e+02 1.096498e-17 1.096498e-17 0.000000e+00
1.673000e+02 1.127325e-17 1.127325e-17 0.000000e+00
1.674000e+02 1.096498e-17 1.096498e-17 0.000000e+00
1.675000e+02 1.008984e-17 1.008984e-17 0.000000e+00
1.676000e+02 8.783715e-18 8.783715e-18 0.000000e+00
1.677000e+02 7.234189e-18 7.234189e-18 0.000000e+00
1.678000e+02 5.636624e-18 5.636624e-18 0.000000e+00
1.679000e+02 4.154950e-18 4.154950e-18 0.000000e+00
1.680000e+02 2.897545e-18 2.897545e-18 0.000000e+00
1.681000e+02 1.911667e-18 1.911667e-18 0.000000e+00
1.682000e+02 1.193196e-18 1.193196e-18 0.000000e+00
1.683000e+02 7.045780e-19 7.045780e-19 0.000000e+00
1.684000e+02 3.936079e-19 3.936079e-19 0.000000e+00
1.685000e+02 2.080253e-19 2.080253e-19 0.000000e+00
1.686000e+02 1.040127e-19 1.040127e-19 0.000000e+00
1.687000e+02 4.920099e-20 4.920099e-20 0.000000e+00
1.688000e+02 2.201806e-20 2.201806e-20 0.000000e+00
1.689000e+02 9.321845e-21 9.321845e-21 0.000000e+00
1.690000e+02 3.733725e-21 3.733725e-21 0.000000e+00
1.691000e+02 1.414817e-21 1.414817e-21 0.000000e+00
1.692000e+02 5.071961e-22 5.071961e-22 0.000000e+00
1.693000e+02 1.720161e-22 1.720161e-22 0.000000e+00
1.694000e+02 5.519248e-23 5.519248e-23 0.000000e+00
1.695000e+02 1.675361e-23 1.675361e-23 0.000000e+00
1.696000e+02 4.811210e-24 4.811210e-24 0.000000e+00
1.697000e+02 1.307127e-24 1.307127e-24 0.000000e+00
1.698000e+02 3.359690e-25 3.359690e-25 0.000000e+00
1.699000e+02 8.169547e-26 8.169547e-26 0.000000e+00
1.700000e+02 1.879379e-26 1.879379e-26 0.000000e+00
1.701000e+02 4.090236e-27 4.090236e-27 0.000000e+00
1.702000e+02 8.421704e-28 8.421704e-28 0.000000e+00
1.703000e+02 4.210852e-28 4.210852e-28 0.000000e+00
1.704000e+02 0.000000e+00 0.000000e+00 0.000000e+00
